3.887258052825927734e+00
3.075339794158935547e+00
3.481565713882446289e+00
3.684284448623657227e+00
4.092958927154541016e+00
4.090410232543945312e+00
3.682638883590698242e+00
4.293723106384277344e+00
4.497146606445312500e+00
2.666624069213867188e+00
4.497657299041748047e+00
4.294775009155273438e+00
4.500754356384277344e+00
3.885725975036621094e+00
3.681943178176879883e+00
5.517155647277832031e+00
3.073472499847412109e+00
4.702514648437500000e+00
4.499544620513916016e+00
4.090048313140869141e+00
3.890090942382812500e+00
3.684781312942504883e+00
3.071928024291992188e+00
4.294019222259521484e+00
2.663555860519409180e+00
3.276224613189697266e+00
3.479950428009033203e+00
3.275430440902709961e+00
4.093069076538085938e+00
2.664851903915405273e+00
4.089654445648193359e+00
3.888938426971435547e+00
3.888075113296508789e+00
1.851482391357421875e+00
3.071221113204956055e+00
2.462867021560668945e+00
1.646478295326232910e+00
2.868861436843872070e+00
3.276711463928222656e+00
2.869898557662963867e+00
2.259046316146850586e+00
2.666560888290405273e+00
2.462846279144287109e+00
3.278917789459228516e+00
3.686347007751464844e+00
3.074686050415039062e+00
2.258999824523925781e+00
2.665285348892211914e+00
2.257827281951904297e+00
3.071276426315307617e+00
1.647352814674377441e+00
2.054777860641479492e+00
3.073993921279907227e+00
2.054128408432006836e+00
2.870299577713012695e+00
1.851433873176574707e+00
2.462715864181518555e+00
2.463451385498046875e+00
2.259443998336791992e+00
1.648103356361389160e+00
1.852044463157653809e+00
3.074257373809814453e+00
2.463409423828125000e+00
2.666152000427246094e+00
3.277848720550537109e+00
2.868678331375122070e+00
2.870751142501831055e+00
2.054599046707153320e+00
2.667188405990600586e+00
2.462120294570922852e+00
3.683513879776000977e+00
2.665854930877685547e+00
3.278903722763061523e+00
2.463056802749633789e+00
2.056102752685546875e+00
2.462812185287475586e+00
2.055777549743652344e+00
1.851828694343566895e+00
2.055671215057373047e+00
2.055598735809326172e+00
2.871209859848022461e+00
1.648193120956420898e+00
2.665918350219726562e+00
1.648252964019775391e+00
3.277769565582275391e+00
2.667624950408935547e+00
1.851524829864501953e+00
2.257535219192504883e+00
2.463303565979003906e+00
2.463788986206054688e+00
2.462868213653564453e+00
2.665421485900878906e+00
2.258455753326416016e+00
3.481823682785034180e+00
3.683791160583496094e+00
2.259878873825073242e+00
3.276366472244262695e+00
2.665814638137817383e+00
2.462349891662597656e+00
2.463030576705932617e+00
2.667574167251586914e+00
2.259931325912475586e+00
2.869419574737548828e+00
2.258041620254516602e+00
3.276992321014404297e+00
2.870093345642089844e+00
2.462821483612060547e+00
2.871492862701416016e+00
3.073174953460693359e+00
2.462949514389038086e+00
2.462743997573852539e+00
2.259799957275390625e+00
2.870633363723754883e+00
2.666837692260742188e+00
2.462767839431762695e+00
2.869863748550415039e+00
2.665221214294433594e+00
1.444399714469909668e+00
1.647039890289306641e+00
2.055130004882812500e+00
4.907166957855224609e+00
2.665579319000244141e+00
3.073770523071289062e+00
3.481692552566528320e+00
3.073044300079345703e+00
2.666620254516601562e+00
2.259236574172973633e+00
2.870804071426391602e+00
2.258146047592163086e+00
2.259105443954467773e+00
2.258826732635498047e+00
2.258440017700195312e+00
2.259704589843750000e+00
3.888698816299438477e+00
3.277047872543334961e+00
2.463142871856689453e+00
2.055538654327392578e+00
3.480130434036254883e+00
4.090762138366699219e+00
3.073093175888061523e+00
4.092862606048583984e+00
2.869189739227294922e+00
4.499330520629882812e+00
4.904968261718750000e+00
4.091375350952148438e+00
3.683100938796997070e+00
3.683241128921508789e+00
3.072274923324584961e+00
4.090981483459472656e+00
6.331690311431884766e+00
3.887017250061035156e+00
3.071228027343750000e+00
4.294574737548828125e+00
4.498922824859619141e+00
4.499967575073242188e+00
4.703077316284179688e+00
4.500723838806152344e+00
3.886704444885253906e+00
3.886669397354125977e+00
4.295722007751464844e+00
3.887938022613525391e+00
4.907272338867187500e+00
2.664882659912109375e+00
4.702053546905517578e+00
4.701766014099121094e+00
4.499587535858154297e+00
1.648205518722534180e+00
4.702860832214355469e+00
4.905642509460449219e+00
5.720630645751953125e+00
5.109172344207763672e+00
4.089795589447021484e+00
4.090024471282958984e+00
3.072143793106079102e+00
4.090663909912109375e+00
3.683588027954101562e+00
4.498951435089111328e+00
3.481700181961059570e+00
3.478962182998657227e+00
4.294040679931640625e+00
4.295576095581054688e+00
4.703940868377685547e+00
3.889714479446411133e+00
4.498450756072998047e+00
2.054245471954345703e+00
4.703111648559570312e+00
2.666382074356079102e+00
3.889600515365600586e+00
2.667609930038452148e+00
2.870121240615844727e+00
3.277175426483154297e+00
2.666140794754028320e+00
2.462514638900756836e+00
2.869116306304931641e+00
2.869827270507812500e+00
2.055762529373168945e+00
2.870074748992919922e+00
3.481313467025756836e+00
2.054377555847167969e+00
2.665512323379516602e+00
2.054483175277709961e+00
3.277883052825927734e+00
2.462993144989013672e+00
2.054796695709228516e+00
2.870124340057373047e+00
3.480125188827514648e+00
2.667185783386230469e+00
3.278480052947998047e+00
3.887993574142456055e+00
1.850263953208923340e+00
2.259088516235351562e+00
2.869771718978881836e+00
3.682650804519653320e+00
3.479464292526245117e+00
1.850451827049255371e+00
2.870303392410278320e+00
2.462176322937011719e+00
2.054538249969482422e+00
2.664665222167968750e+00
2.666610240936279297e+00
2.258144617080688477e+00
2.870771169662475586e+00
3.277225732803344727e+00
2.461381912231445312e+00
3.074539422988891602e+00
3.886446475982666016e+00
2.666945934295654297e+00
3.481412887573242188e+00
3.277705907821655273e+00
2.462534904479980469e+00
2.867991447448730469e+00
4.498070716857910156e+00
3.685378551483154297e+00
3.481246471405029297e+00
2.870367527008056641e+00
4.090523719787597656e+00
3.072864770889282227e+00
2.257770299911499023e+00
3.683794736862182617e+00
3.275054216384887695e+00
2.666193723678588867e+00
2.461975097656250000e+00
2.869068861007690430e+00
3.073950290679931641e+00
3.481181859970092773e+00
2.870634317398071289e+00
2.054927825927734375e+00
3.073265790939331055e+00
3.276924848556518555e+00
3.889192581176757812e+00
3.073814392089843750e+00
3.480194568634033203e+00
3.072522878646850586e+00
1.851402878761291504e+00
2.258612871170043945e+00
2.870406627655029297e+00
3.074000120162963867e+00
3.073700428009033203e+00
2.869570016860961914e+00
2.260109424591064453e+00
3.480948209762573242e+00
2.666463613510131836e+00
2.666371107101440430e+00
3.480463743209838867e+00
2.462824106216430664e+00
3.888450145721435547e+00
2.666630268096923828e+00
2.870057344436645508e+00
2.258306741714477539e+00
2.870259046554565430e+00
2.869773387908935547e+00
2.869290351867675781e+00
3.074581861495971680e+00
3.277360916137695312e+00
3.683918714523315430e+00
3.073300600051879883e+00
1.851762056350708008e+00
3.480867862701416016e+00
4.091203212738037109e+00
3.072349548339843750e+00
2.868550777435302734e+00
3.685349464416503906e+00
2.461777210235595703e+00
2.055085897445678711e+00
4.090365886688232422e+00
3.074548721313476562e+00
2.462527990341186523e+00
3.684488058090209961e+00
3.684241294860839844e+00
3.479768276214599609e+00
4.093084812164306641e+00
4.294786453247070312e+00
3.686178922653198242e+00
3.479605436325073242e+00
4.091125011444091797e+00
3.480832338333129883e+00
4.702131748199462891e+00
3.275796651840209961e+00
2.866576194763183594e+00
3.275542736053466797e+00
4.294396877288818359e+00
3.683820486068725586e+00
3.480167865753173828e+00
5.312631130218505859e+00
4.701884269714355469e+00
3.073361635208129883e+00
4.498378753662109375e+00
3.887885093688964844e+00
3.888469934463500977e+00
4.703864574432373047e+00
4.701365947723388672e+00
4.702415943145751953e+00
3.886784076690673828e+00
4.091043949127197266e+00
4.703899860382080078e+00
3.074353933334350586e+00
5.110113143920898438e+00
3.479058742523193359e+00
3.887380123138427734e+00
4.090381622314453125e+00
3.275018692016601562e+00
3.684355974197387695e+00
3.481070518493652344e+00
3.278240919113159180e+00
4.091667652130126953e+00
4.092702865600585938e+00
2.259004831314086914e+00
2.665319919586181641e+00
3.277973890304565430e+00
4.500429630279541016e+00
4.705135345458984375e+00
3.685060977935791016e+00
3.480468034744262695e+00
3.888388156890869141e+00
4.090972423553466797e+00
3.481734275817871094e+00
2.462575197219848633e+00
3.278035640716552734e+00
2.463672876358032227e+00
2.868830680847167969e+00
3.889552831649780273e+00
3.889714479446411133e+00
2.870462894439697266e+00
2.666933536529541016e+00
2.666395187377929688e+00
2.259048700332641602e+00
3.074114561080932617e+00
2.462826967239379883e+00
2.666790246963500977e+00
4.703006267547607422e+00
2.259154558181762695e+00
3.684333562850952148e+00
3.889251708984375000e+00
2.463297843933105469e+00
2.056255578994750977e+00
2.870764255523681641e+00
2.869288206100463867e+00
3.072581052780151367e+00
3.277318239212036133e+00
3.074371337890625000e+00
2.259718179702758789e+00
2.869338512420654297e+00
2.666651964187622070e+00
3.480393648147583008e+00
2.259378910064697266e+00
3.480827808380126953e+00
1.444284796714782715e+00
3.075453042984008789e+00
2.055359840393066406e+00
3.480685710906982422e+00
2.868502140045166016e+00
3.278901338577270508e+00
3.481226682662963867e+00
3.684806823730468750e+00
3.683632850646972656e+00
3.275503396987915039e+00
1.646833419799804688e+00
3.278210639953613281e+00
2.462047338485717773e+00
2.667016029357910156e+00
2.462046623229980469e+00
2.258764028549194336e+00
3.277053356170654297e+00
2.258765935897827148e+00
3.481388568878173828e+00
3.074309825897216797e+00
2.870097398757934570e+00
3.888625144958496094e+00
2.665440797805786133e+00
3.685505151748657227e+00
3.277396917343139648e+00
3.481414079666137695e+00
2.868824481964111328e+00
3.072843551635742188e+00
3.479850530624389648e+00
3.481593847274780273e+00
3.278297901153564453e+00
3.685202360153198242e+00
2.462132453918457031e+00
2.667455434799194336e+00
3.275530576705932617e+00
3.887917280197143555e+00
4.908513545989990234e+00
2.665388822555541992e+00
2.870955228805541992e+00
3.480919599533081055e+00
4.091684341430664062e+00
4.092647075653076172e+00
2.664116382598876953e+00
3.481188058853149414e+00
4.091715812683105469e+00
3.683749437332153320e+00
2.259140253067016602e+00
3.890247106552124023e+00
3.889651536941528320e+00
3.480118036270141602e+00
3.685293197631835938e+00
3.479677915573120117e+00
3.075159072875976562e+00
4.700423240661621094e+00
2.664377689361572266e+00
2.665419816970825195e+00
5.313030719757080078e+00
3.075062036514282227e+00
3.479827404022216797e+00
4.093681812286376953e+00
3.479763984680175781e+00
3.277101993560791016e+00
4.091567516326904297e+00
4.092007160186767578e+00
4.296858310699462891e+00
4.498841285705566406e+00
6.126167774200439453e+00
3.885877847671508789e+00
4.089873790740966797e+00
4.090486526489257812e+00
4.091644763946533203e+00
3.886822700500488281e+00
2.259408950805664062e+00
4.500988483428955078e+00
4.501058101654052734e+00
3.479936599731445312e+00
5.109986305236816406e+00
4.093427181243896484e+00
4.498170375823974609e+00
3.887396335601806641e+00
3.886888027191162109e+00
3.481563568115234375e+00
3.886790037155151367e+00
3.888286352157592773e+00
2.667288303375244141e+00
2.867415666580200195e+00
3.072964668273925781e+00
2.259385347366333008e+00
4.091194629669189453e+00
3.683911323547363281e+00
3.888338565826416016e+00
3.479137659072875977e+00
3.072178602218627930e+00
3.479029655456542969e+00
3.887333393096923828e+00
4.498648643493652344e+00
3.073640108108520508e+00
4.295732498168945312e+00
4.296438217163085938e+00
2.869284391403198242e+00
3.683897018432617188e+00
3.889054536819458008e+00
3.889014959335327148e+00
3.681811809539794922e+00
2.867733716964721680e+00
4.093212604522705078e+00
2.870759248733520508e+00
4.092973232269287109e+00
2.259796619415283203e+00
2.666636466979980469e+00
2.259126663208007812e+00
2.870394229888916016e+00
3.275939226150512695e+00
3.074749946594238281e+00
3.482611656188964844e+00
1.851829290390014648e+00
2.870764493942260742e+00
3.278120994567871094e+00
2.055402040481567383e+00
2.871010780334472656e+00
2.871037960052490234e+00
2.462327003479003906e+00
3.278579950332641602e+00
2.667441606521606445e+00
1.648274779319763184e+00
2.258998870849609375e+00
1.852247238159179688e+00
2.666553020477294922e+00
2.666847705841064453e+00
2.463007211685180664e+00
2.259289026260375977e+00
1.852086663246154785e+00
2.259166240692138672e+00
3.686277866363525391e+00
3.074024438858032227e+00
3.480399131774902344e+00
2.258847951889038086e+00
3.074492216110229492e+00
4.296227931976318359e+00
3.074141502380371094e+00
2.055682182312011719e+00
1.851535320281982422e+00
3.074323415756225586e+00
2.463531494140625000e+00
2.460427045822143555e+00
3.480823040008544922e+00
3.277244091033935547e+00
2.055705785751342773e+00
3.073755025863647461e+00
2.667488574981689453e+00
2.867581367492675781e+00
3.479055643081665039e+00
3.479308366775512695e+00
2.054673910140991211e+00
3.685178041458129883e+00
2.664418697357177734e+00
3.073743581771850586e+00
3.685637712478637695e+00
2.463523864746093750e+00
2.870666980743408203e+00
3.073091745376586914e+00
2.259412527084350586e+00
3.279372692108154297e+00
2.463094949722290039e+00
2.665858983993530273e+00
3.073793649673461914e+00
2.055269718170166016e+00
2.664984226226806641e+00
1.647317647933959961e+00
2.259072780609130859e+00
2.870223283767700195e+00
2.055575847625732422e+00
2.665407180786132812e+00
2.870420455932617188e+00
3.685962200164794922e+00
2.666634321212768555e+00
3.075509548187255859e+00
2.870569944381713867e+00
2.258883714675903320e+00
2.462461233139038086e+00
2.462523698806762695e+00
2.463153123855590820e+00
3.074248075485229492e+00
4.093916416168212891e+00
1.647951841354370117e+00
2.463172912597656250e+00
2.666736841201782227e+00
2.055024385452270508e+00
2.055757522583007812e+00
3.276799917221069336e+00
2.055794000625610352e+00
2.870426416397094727e+00
2.666956663131713867e+00
2.259336709976196289e+00
3.685553550720214844e+00
3.683579921722412109e+00
3.072966337203979492e+00
3.074311256408691406e+00
3.075168371200561523e+00
4.093370914459228516e+00
2.870475530624389648e+00
3.275135517120361328e+00
2.257688999176025391e+00
2.258981227874755859e+00
2.667276859283447266e+00
2.868907213211059570e+00
4.292879581451416016e+00
4.700626373291015625e+00
4.500071525573730469e+00
4.094122409820556641e+00
3.683811664581298828e+00
3.685292005538940430e+00
4.499763965606689453e+00
3.888373374938964844e+00
4.702722072601318359e+00
3.478409767150878906e+00
2.664443969726562500e+00
2.665783882141113281e+00
3.073567867279052734e+00
3.072273015975952148e+00
2.664296388626098633e+00
4.703911304473876953e+00
3.277056932449340820e+00
3.277728557586669922e+00
2.666955471038818359e+00
2.056140661239624023e+00
2.462172985076904297e+00
3.479574441909790039e+00
3.887708425521850586e+00
2.870532035827636719e+00
2.461774587631225586e+00
2.462520837783813477e+00
2.666419744491577148e+00
4.091031551361083984e+00
3.276279926300048828e+00
3.278805017471313477e+00
3.887202024459838867e+00
3.685796499252319336e+00
3.275121450424194336e+00
4.296626567840576172e+00
4.497970581054687500e+00
2.869148731231689453e+00
4.904962062835693359e+00
3.684675216674804688e+00
3.278505563735961914e+00
3.888395309448242188e+00
3.278006315231323242e+00
3.074339628219604492e+00
4.501211166381835938e+00
2.869701147079467773e+00
3.481883049011230469e+00
2.870706319808959961e+00
3.479882001876831055e+00
2.055226564407348633e+00
2.055083990097045898e+00
3.481281518936157227e+00
3.482698440551757812e+00
3.685994386672973633e+00
2.461859941482543945e+00
3.685813903808593750e+00
3.277856826782226562e+00
2.869312763214111328e+00
3.482318639755249023e+00
2.665572404861450195e+00
2.667172431945800781e+00
2.666475296020507812e+00
2.258269309997558594e+00
2.870670080184936523e+00
2.258890628814697266e+00
2.462465763092041016e+00
2.463295459747314453e+00
2.666609764099121094e+00
3.481431484222412109e+00
3.685403585433959961e+00
3.074056148529052734e+00
2.055133581161499023e+00
3.277287960052490234e+00
3.482774257659912109e+00
2.871318578720092773e+00
3.073926687240600586e+00
2.055630683898925781e+00
2.870415687561035156e+00
2.667567968368530273e+00
2.666650533676147461e+00
1.850708007812500000e+00
2.870915651321411133e+00
3.275574207305908203e+00
4.092381477355957031e+00
3.685269594192504883e+00
2.463211059570312500e+00
2.463490247726440430e+00
3.073994398117065430e+00
3.075046300888061523e+00
2.055362224578857422e+00
2.667467355728149414e+00
1.851815819740295410e+00
2.869670629501342773e+00
2.870735883712768555e+00
2.870919942855834961e+00
2.259821653366088867e+00
2.055577516555786133e+00
3.683681488037109375e+00
2.056162595748901367e+00
1.851782917976379395e+00
1.852234840393066406e+00
2.667744398117065430e+00
2.257857561111450195e+00
2.460319519042968750e+00
3.073625802993774414e+00
2.667351484298706055e+00
2.055441856384277344e+00
3.074472188949584961e+00
4.092779636383056641e+00
3.277338981628417969e+00
3.073953390121459961e+00
3.685221672058105469e+00
1.852042198181152344e+00
3.685395479202270508e+00
2.259268999099731445e+00
2.463004827499389648e+00
4.093723297119140625e+00
2.055059909820556641e+00
3.074568510055541992e+00
4.298039436340332031e+00
2.055193185806274414e+00
1.647204041481018066e+00
2.869196653366088867e+00
2.463269472122192383e+00
2.056156635284423828e+00
2.870743274688720703e+00
2.259037256240844727e+00
1.647811889648437500e+00
3.073630809783935547e+00
2.054748773574829102e+00
2.869899511337280273e+00
1.851067662239074707e+00
2.666058540344238281e+00
3.074739933013916016e+00
3.278710842132568359e+00
2.055192947387695312e+00
2.460452079772949219e+00
3.072371482849121094e+00
2.258979082107543945e+00
2.667020082473754883e+00
2.871302843093872070e+00
3.074848413467407227e+00
3.480994939804077148e+00
2.462735891342163086e+00
2.870923280715942383e+00
3.888771533966064453e+00
3.277652978897094727e+00
2.868446111679077148e+00
2.258929252624511719e+00
3.277341127395629883e+00
4.701711654663085938e+00
4.906697273254394531e+00
3.683713912963867188e+00
4.091150760650634766e+00
2.664852857589721680e+00
2.869450330734252930e+00
3.886523962020874023e+00
3.480346202850341797e+00
3.684981822967529297e+00
2.663677453994750977e+00
3.071963548660278320e+00
3.276070594787597656e+00
2.667263031005859375e+00
3.482005119323730469e+00
3.071640014648437500e+00
2.665475845336914062e+00
3.683591127395629883e+00
3.071598768234252930e+00
3.683684587478637695e+00
3.480193376541137695e+00
4.498213291168212891e+00
3.683501482009887695e+00
3.072737693786621094e+00
4.090543270111083984e+00
4.904099941253662109e+00
3.275981664657592773e+00
4.293515682220458984e+00
2.664084911346435547e+00
3.887721061706542969e+00
3.073622703552246094e+00
4.092525005340576172e+00
3.685062170028686523e+00
4.499945163726806641e+00
3.479492664337158203e+00
3.479265689849853516e+00
5.314810276031494141e+00
3.888393402099609375e+00
2.461711406707763672e+00
2.258102655410766602e+00
3.480961561203002930e+00
2.868656635284423828e+00
3.073397874832153320e+00
2.666188716888427734e+00
3.277981996536254883e+00
2.259609937667846680e+00
1.648032307624816895e+00
3.277529954910278320e+00
3.480842590332031250e+00
2.462268590927124023e+00
2.667067527770996094e+00
1.851126790046691895e+00
2.462440490722656250e+00
2.463137149810791016e+00
2.054604530334472656e+00
1.852016210556030273e+00
3.074878931045532227e+00
2.462500572204589844e+00
2.462717533111572266e+00
3.482707738876342773e+00
3.074837446212768555e+00
2.463391304016113281e+00
2.462792873382568359e+00
2.259825944900512695e+00
3.075023889541625977e+00
2.666564464569091797e+00
2.666477680206298828e+00
2.461997032165527344e+00
2.259459257125854492e+00
2.056025505065917969e+00
2.665735244750976562e+00
2.463072061538696289e+00
2.463237524032592773e+00
2.462615966796875000e+00
2.054894447326660156e+00
2.666739940643310547e+00
3.277693033218383789e+00
2.463260412216186523e+00
2.055605411529541016e+00
3.684834003448486328e+00
2.871002674102783203e+00
2.666809082031250000e+00
1.647795915603637695e+00
2.055018901824951172e+00
3.074252367019653320e+00
3.073247432708740234e+00
2.462231636047363281e+00
2.462661027908325195e+00
2.054383754730224609e+00
1.851092576980590820e+00
3.482167005538940430e+00
2.055524110794067383e+00
2.666083574295043945e+00
2.461468219757080078e+00
2.259275674819946289e+00
2.258281469345092773e+00
3.684115171432495117e+00
3.074819803237915039e+00
3.685233592987060547e+00
2.666101217269897461e+00
2.053718805313110352e+00
1.851891279220581055e+00
1.848731160163879395e+00
3.481736183166503906e+00
2.871420621871948242e+00
2.665864467620849609e+00
2.463667631149291992e+00
2.462823390960693359e+00
4.093566894531250000e+00
2.055852413177490234e+00
2.462573051452636719e+00
2.257444620132446289e+00
2.462361097335815430e+00
4.092533111572265625e+00
3.073450088500976562e+00
3.480882883071899414e+00
2.259618282318115234e+00
2.259201049804687500e+00
3.072875022888183594e+00
2.871027946472167969e+00
2.257422685623168945e+00
3.277486324310302734e+00
3.482011318206787109e+00
2.869869947433471680e+00
3.074877500534057617e+00
3.481882333755493164e+00
2.259505748748779297e+00
2.871378421783447266e+00
3.482405185699462891e+00
2.463076114654541016e+00
1.851679205894470215e+00
2.870017528533935547e+00
2.053826093673706055e+00
2.666809558868408203e+00
2.667479276657104492e+00
2.463216781616210938e+00
2.871082782745361328e+00
2.258602142333984375e+00
3.072879076004028320e+00
2.258745670318603516e+00
3.072926998138427734e+00
3.074833393096923828e+00
2.665153026580810547e+00
3.887399911880493164e+00
3.276224613189697266e+00
2.666538476943969727e+00
4.295790195465087891e+00
3.481997251510620117e+00
2.870135307312011719e+00
3.072587013244628906e+00
3.275482654571533203e+00
3.886585474014282227e+00
3.889508247375488281e+00
3.886973619461059570e+00
4.701363563537597656e+00
4.295045852661132812e+00
3.886854410171508789e+00
2.869769096374511719e+00
3.481831312179565430e+00
2.460740566253662109e+00
2.663019180297851562e+00
4.499443531036376953e+00
3.888830661773681641e+00
4.905885696411132812e+00
4.294523239135742188e+00
4.294273376464843750e+00
5.516555786132812500e+00
4.703215122222900391e+00
4.089590072631835938e+00
4.702523708343505859e+00
4.497959136962890625e+00
3.073104858398437500e+00
3.276548862457275391e+00
2.258572340011596680e+00
4.497222423553466797e+00
5.109436511993408203e+00
4.297870159149169922e+00
4.295117378234863281e+00
5.923341751098632812e+00
3.072681665420532227e+00
4.091114044189453125e+00
2.663847684860229492e+00
3.277229070663452148e+00
3.685677528381347656e+00
3.480570793151855469e+00
2.259453296661376953e+00
2.667260646820068359e+00
2.870945453643798828e+00
2.055840492248535156e+00
2.666930437088012695e+00
2.665546655654907227e+00
4.296439170837402344e+00
3.276473522186279297e+00
2.259379863739013672e+00
3.481857776641845703e+00
4.702253818511962891e+00
3.479926586151123047e+00
2.259172677993774414e+00
2.870799064636230469e+00
2.870832681655883789e+00
3.074585914611816406e+00
3.074413537979125977e+00
2.666635274887084961e+00
2.463178157806396484e+00
2.461133241653442383e+00
2.666880130767822266e+00
2.463279247283935547e+00
3.275096654891967773e+00
2.870634794235229492e+00
2.463046073913574219e+00
1.851996541023254395e+00
2.871118068695068359e+00
2.055281639099121094e+00
2.666376829147338867e+00
3.073203086853027344e+00
2.055700540542602539e+00
2.870589017868041992e+00
2.259556531906127930e+00
3.481979608535766602e+00
2.259730100631713867e+00
2.055447816848754883e+00
4.296401977539062500e+00
2.055468559265136719e+00
4.089738845825195312e+00
4.093080997467041016e+00
2.666082620620727539e+00
2.868513822555541992e+00
2.462776660919189453e+00
3.074963569641113281e+00
3.073851585388183594e+00
3.278071165084838867e+00
2.870439529418945312e+00
3.074034452438354492e+00
3.073656797409057617e+00
2.666719913482666016e+00
3.073929786682128906e+00
2.869604825973510742e+00
2.461619853973388672e+00
3.276472091674804688e+00
3.275843858718872070e+00
2.258686304092407227e+00
3.683462858200073242e+00
3.685335636138916016e+00
3.481986999511718750e+00
2.463430881500244141e+00
2.869257688522338867e+00
3.481878042221069336e+00
3.277273416519165039e+00
2.259544610977172852e+00
2.257538318634033203e+00
2.667572975158691406e+00
2.666917800903320312e+00
1.852110266685485840e+00
2.666732311248779297e+00
2.667056322097778320e+00
2.666673898696899414e+00
3.073714017868041992e+00
2.054288387298583984e+00
2.869796991348266602e+00
2.666614770889282227e+00
2.870998620986938477e+00
3.481082201004028320e+00
3.277369737625122070e+00
3.480421304702758789e+00
2.666698694229125977e+00
3.889718055725097656e+00
3.074470281600952148e+00
3.887650012969970703e+00
3.073818445205688477e+00
2.461743116378784180e+00
3.278530120849609375e+00
2.870170116424560547e+00
2.259781599044799805e+00
2.461546659469604492e+00
3.482398033142089844e+00
2.870257854461669922e+00
3.278420448303222656e+00
3.685896873474121094e+00
3.276946306228637695e+00
2.463462829589843750e+00
2.056004047393798828e+00
2.259804487228393555e+00
2.258369922637939453e+00
