5.321046829223632812e+00
5.117179870605468750e+00
4.710510730743408203e+00
5.113900184631347656e+00
6.335339546203613281e+00
5.524315357208251953e+00
5.524432659149169922e+00
5.319613456726074219e+00
4.505531787872314453e+00
4.913504600524902344e+00
6.336721897125244141e+00
5.522882938385009766e+00
5.522786617279052734e+00
6.133833885192871094e+00
5.117516994476318359e+00
5.930706501007080078e+00
4.708595275878906250e+00
6.134204387664794922e+00
5.320752620697021484e+00
5.319795608520507812e+00
4.911661624908447266e+00
4.913206577301025391e+00
4.709208011627197266e+00
5.322015285491943359e+00
4.915533065795898438e+00
4.915103912353515625e+00
4.914618015289306641e+00
4.710418701171875000e+00
5.114459037780761719e+00
4.304164409637451172e+00
5.117866039276123047e+00
5.321286678314208984e+00
6.135942459106445312e+00
4.303298473358154297e+00
4.914841175079345703e+00
4.100109577178955078e+00
3.896439552307128906e+00
5.321314334869384766e+00
5.525543212890625000e+00
5.321092128753662109e+00
4.303132057189941406e+00
4.507347583770751953e+00
4.303793430328369141e+00
4.913900852203369141e+00
4.505817413330078125e+00
5.117157936096191406e+00
4.100623130798339844e+00
4.709835052490234375e+00
4.915030479431152344e+00
4.708871364593505859e+00
4.099485874176025391e+00
4.303558349609375000e+00
4.709788799285888672e+00
4.711760997772216797e+00
4.304545879364013672e+00
4.100033283233642578e+00
4.711642265319824219e+00
4.303330898284912109e+00
4.507084846496582031e+00
4.099815845489501953e+00
4.100064754486083984e+00
4.710103511810302734e+00
4.304489135742187500e+00
4.709437847137451172e+00
4.913645267486572266e+00
5.321296215057373047e+00
4.506177902221679688e+00
4.508034229278564453e+00
4.710960388183593750e+00
4.303912162780761719e+00
5.931047439575195312e+00
4.304710865020751953e+00
5.119277954101562500e+00
4.303049564361572266e+00
4.303880691528320312e+00
4.304138183593750000e+00
4.304065704345703125e+00
4.099984645843505859e+00
4.302746295928955078e+00
4.303366184234619141e+00
4.708544731140136719e+00
4.100565433502197266e+00
4.505671024322509766e+00
3.897016763687133789e+00
4.911921977996826172e+00
4.912924766540527344e+00
4.101073741912841797e+00
4.506412506103515625e+00
4.100480556488037109e+00
4.506499767303466797e+00
4.507951736450195312e+00
4.506416320800781250e+00
4.506563186645507812e+00
4.708406925201416016e+00
5.117352008819580078e+00
4.507464408874511719e+00
5.323019504547119141e+00
4.100358486175537109e+00
4.710481643676757812e+00
4.301846504211425781e+00
4.914865016937255859e+00
4.304264068603515625e+00
4.709189891815185547e+00
4.507242679595947266e+00
4.913233757019042969e+00
4.506789207458496094e+00
4.099538326263427734e+00
4.507894515991210938e+00
4.913250446319580078e+00
4.507557868957519531e+00
4.507133483886718750e+00
4.711571216583251953e+00
4.506795883178710938e+00
4.709485530853271484e+00
4.914874076843261719e+00
4.709915161132812500e+00
4.710520267486572266e+00
4.100910663604736328e+00
4.304010391235351562e+00
4.508228302001953125e+00
5.727401733398437500e+00
4.711281299591064453e+00
5.322775363922119141e+00
6.134405612945556641e+00
5.321408748626708984e+00
4.710019588470458984e+00
4.100413799285888672e+00
4.710277080535888672e+00
4.507585525512695312e+00
4.507008552551269531e+00
4.508810043334960938e+00
4.507567882537841797e+00
4.303999900817871094e+00
5.729096412658691406e+00
5.322035312652587891e+00
4.506857872009277344e+00
4.100727081298828125e+00
5.320459842681884766e+00
5.523643016815185547e+00
4.913719654083251953e+00
5.524038791656494141e+00
5.117403030395507812e+00
6.340687751770019531e+00
6.338212013244628906e+00
5.321159839630126953e+00
5.119972229003906250e+00
4.914869308471679688e+00
4.913943290710449219e+00
5.525582313537597656e+00
6.539983272552490234e+00
4.914386272430419922e+00
4.711097240447998047e+00
5.728931427001953125e+00
6.338151931762695312e+00
5.115592956542968750e+00
5.524212360382080078e+00
5.321489334106445312e+00
5.525029182434082031e+00
4.912037849426269531e+00
5.317979335784912109e+00
5.321808338165283203e+00
5.319869041442871094e+00
4.506282329559326172e+00
5.727666854858398438e+00
5.525313377380371094e+00
5.523749351501464844e+00
4.100471019744873047e+00
5.729434013366699219e+00
6.134639739990234375e+00
6.542197704315185547e+00
6.339092731475830078e+00
5.321744918823242188e+00
4.913632869720458984e+00
4.710989952087402344e+00
5.116905689239501953e+00
5.930652618408203125e+00
5.525740623474121094e+00
5.116565704345703125e+00
5.729115962982177734e+00
5.932807445526123047e+00
5.729726314544677734e+00
5.523123264312744141e+00
4.914617538452148438e+00
5.322616100311279297e+00
4.508327484130859375e+00
5.933089256286621094e+00
4.914023876190185547e+00
4.913706302642822266e+00
5.321347713470458984e+00
4.303153991699218750e+00
4.711286544799804688e+00
4.507950305938720703e+00
4.506197929382324219e+00
4.709334850311279297e+00
4.912086963653564453e+00
4.913469791412353516e+00
5.524457454681396484e+00
5.727485179901123047e+00
4.507214069366455078e+00
4.504820346832275391e+00
3.896099328994750977e+00
4.912707805633544922e+00
4.301461696624755859e+00
4.710622310638427734e+00
4.505099773406982422e+00
5.115210056304931641e+00
4.507271289825439453e+00
4.507210254669189453e+00
5.319054126739501953e+00
4.100614070892333984e+00
4.304358482360839844e+00
4.506493091583251953e+00
5.118166446685791016e+00
5.524705410003662109e+00
4.100461959838867188e+00
4.710460186004638672e+00
4.100347518920898438e+00
4.099565982818603516e+00
4.506910324096679688e+00
4.507885456085205078e+00
4.303998947143554688e+00
4.710227489471435547e+00
5.931458473205566406e+00
4.710984706878662109e+00
3.895542383193969727e+00
5.115418434143066406e+00
4.506455421447753906e+00
4.912725448608398438e+00
4.709784984588623047e+00
4.506974220275878906e+00
5.323134899139404297e+00
5.728243827819824219e+00
5.320526599884033203e+00
4.710689067840576172e+00
4.099895000457763672e+00
5.728854179382324219e+00
5.321612834930419922e+00
4.711375236511230469e+00
4.914906024932861328e+00
5.321872711181640625e+00
4.301789283752441406e+00
4.913289070129394531e+00
5.321374893188476562e+00
4.708366394042968750e+00
5.116907596588134766e+00
4.507355690002441406e+00
4.508307456970214844e+00
5.114999294281005859e+00
4.711224079132080078e+00
5.726292133331298828e+00
4.914060592651367188e+00
5.524202346801757812e+00
4.914007663726806641e+00
3.897018671035766602e+00
4.099125385284423828e+00
4.505761623382568359e+00
4.709090232849121094e+00
4.303410530090332031e+00
4.710772991180419922e+00
4.303704738616943359e+00
4.915007114410400391e+00
4.303670883178710938e+00
4.302352905273437500e+00
4.708807945251464844e+00
4.505481719970703125e+00
4.708483695983886719e+00
4.710818290710449219e+00
4.506865024566650391e+00
4.507413387298583984e+00
4.710924625396728516e+00
4.710348129272460938e+00
4.710976600646972656e+00
5.522296428680419922e+00
5.320477962493896484e+00
5.321388721466064453e+00
5.119005203247070312e+00
4.100910663604736328e+00
5.116667270660400391e+00
4.912974834442138672e+00
5.117522716522216797e+00
5.117323398590087891e+00
5.322571277618408203e+00
4.507771492004394531e+00
4.099617958068847656e+00
5.524058341979980469e+00
4.913746356964111328e+00
4.100708007812500000e+00
4.911169052124023438e+00
4.709896564483642578e+00
4.710711956024169922e+00
5.118480205535888672e+00
4.710355281829833984e+00
6.135659217834472656e+00
4.915306091308593750e+00
5.322313308715820312e+00
4.709994792938232422e+00
5.932226657867431641e+00
4.914643764495849609e+00
4.914868354797363281e+00
4.506076812744140625e+00
4.913407802581787109e+00
5.322758197784423828e+00
6.339730262756347656e+00
5.930780887603759766e+00
5.930121421813964844e+00
4.914369583129882812e+00
5.319806575775146484e+00
4.912224292755126953e+00
4.504683494567871094e+00
5.320901393890380859e+00
5.320069313049316406e+00
5.524816989898681641e+00
4.710082054138183594e+00
5.119329929351806641e+00
5.728084087371826172e+00
4.303293704986572266e+00
6.339240550994873047e+00
5.319814205169677734e+00
5.116924285888671875e+00
5.318814754486083984e+00
5.524691581726074219e+00
5.321557998657226562e+00
5.115944385528564453e+00
5.320011138916015625e+00
5.319962501525878906e+00
6.338584423065185547e+00
4.505279064178466797e+00
5.117886543273925781e+00
5.116091251373291016e+00
5.725914478302001953e+00
5.524382114410400391e+00
4.710784912109375000e+00
5.114714622497558594e+00
5.525847434997558594e+00
5.320049762725830078e+00
5.117769718170166016e+00
4.507349491119384766e+00
4.708864212036132812e+00
4.098825931549072266e+00
5.116950035095214844e+00
4.913458347320556641e+00
5.113645553588867188e+00
4.710573196411132812e+00
4.099324226379394531e+00
4.100408077239990234e+00
4.710532188415527344e+00
4.709168910980224609e+00
4.711092948913574219e+00
4.507741928100585938e+00
5.524395465850830078e+00
4.304055213928222656e+00
5.319914817810058594e+00
5.117437362670898438e+00
4.914220333099365234e+00
4.304368019104003906e+00
4.710881233215332031e+00
4.710055828094482422e+00
5.322427272796630859e+00
4.913653373718261719e+00
4.301117420196533203e+00
4.100262165069580078e+00
4.710661411285400391e+00
5.116929531097412109e+00
4.506401062011718750e+00
4.507900714874267578e+00
5.118300437927246094e+00
4.100920200347900391e+00
4.507069587707519531e+00
4.302963256835937500e+00
5.115609645843505859e+00
4.912689208984375000e+00
5.116595268249511719e+00
5.523917675018310547e+00
4.708657741546630859e+00
4.912332057952880859e+00
5.118947982788085938e+00
4.100330829620361328e+00
5.119063377380371094e+00
4.912991046905517578e+00
5.115821361541748047e+00
4.304306030273437500e+00
4.710843563079833984e+00
4.914087295532226562e+00
4.710850238800048828e+00
5.115998268127441406e+00
4.709636688232421875e+00
5.322117328643798828e+00
4.708619594573974609e+00
4.506536483764648438e+00
4.913775444030761719e+00
5.116649627685546875e+00
5.321161746978759766e+00
5.320796966552734375e+00
4.912563323974609375e+00
5.321199417114257812e+00
5.116653442382812500e+00
4.708645343780517578e+00
5.726532459259033203e+00
4.915193557739257812e+00
4.303486347198486328e+00
4.507314205169677734e+00
4.710041999816894531e+00
5.523477077484130859e+00
5.118127346038818359e+00
4.914229393005371094e+00
4.912999153137207031e+00
5.931463718414306641e+00
5.319624900817871094e+00
5.115913867950439453e+00
4.709853649139404297e+00
4.705714702606201172e+00
5.521368503570556641e+00
4.100881576538085938e+00
5.524034023284912109e+00
4.913319110870361328e+00
5.320760726928710938e+00
5.929439544677734375e+00
5.117028236389160156e+00
4.710632801055908203e+00
5.522286415100097656e+00
4.711563110351562500e+00
5.116903781890869141e+00
5.727177619934082031e+00
4.710086345672607422e+00
4.914594173431396484e+00
5.320615291595458984e+00
5.931619167327880859e+00
5.118596076965332031e+00
4.914807796478271484e+00
4.912984371185302734e+00
5.525629043579101562e+00
5.525229930877685547e+00
6.337553977966308594e+00
5.116694927215576172e+00
5.119002342224121094e+00
5.117801189422607422e+00
5.931591510772705078e+00
5.322068214416503906e+00
4.301666259765625000e+00
5.931541919708251953e+00
6.136734962463378906e+00
5.727614879608154297e+00
5.932422637939453125e+00
5.525280952453613281e+00
5.524893283843994141e+00
4.710927963256835938e+00
5.117079734802246094e+00
4.914084434509277344e+00
5.321249008178710938e+00
5.117690563201904297e+00
4.710766792297363281e+00
4.710733890533447266e+00
4.711259365081787109e+00
4.507159233093261719e+00
5.320780277252197266e+00
5.728295803070068359e+00
5.320368289947509766e+00
5.526146411895751953e+00
4.913184165954589844e+00
4.506744384765625000e+00
5.320485115051269531e+00
5.319914817810058594e+00
4.506302833557128906e+00
5.321472167968750000e+00
5.321977615356445312e+00
4.912805080413818359e+00
4.096941947937011719e+00
5.524069309234619141e+00
5.116424083709716797e+00
5.523991584777832031e+00
4.709373474121093750e+00
5.319094181060791016e+00
4.709806442260742188e+00
5.319399356842041016e+00
4.505948066711425781e+00
4.506329536437988281e+00
4.506632328033447266e+00
4.097556591033935547e+00
5.319830894470214844e+00
4.505995750427246094e+00
4.914293289184570312e+00
4.099836349487304688e+00
4.711050033569335938e+00
4.913369655609130859e+00
4.100049018859863281e+00
4.914007663726806641e+00
5.118443012237548828e+00
4.507520198822021484e+00
5.320847988128662109e+00
4.507507324218750000e+00
3.896875143051147461e+00
4.710905075073242188e+00
4.100103855133056641e+00
4.710194587707519531e+00
4.710806846618652344e+00
4.914925098419189453e+00
4.711271762847900391e+00
4.304304599761962891e+00
4.507458209991455078e+00
5.117803096771240234e+00
4.914347171783447266e+00
5.116839408874511719e+00
4.302956581115722656e+00
4.505967140197753906e+00
5.320984840393066406e+00
4.912506103515625000e+00
4.303976058959960938e+00
4.100472450256347656e+00
4.303064823150634766e+00
4.304519653320312500e+00
4.507589340209960938e+00
5.115585327148437500e+00
5.116728782653808594e+00
4.100781917572021484e+00
4.506239891052246094e+00
4.507505416870117188e+00
4.507754325866699219e+00
4.711837768554687500e+00
5.525233745574951172e+00
3.896650552749633789e+00
4.710704803466796875e+00
4.709408283233642578e+00
5.320528984069824219e+00
4.913148880004882812e+00
5.117044925689697266e+00
4.507158279418945312e+00
5.115699768066406250e+00
4.506701946258544922e+00
4.912522792816162109e+00
4.100621223449707031e+00
4.100838184356689453e+00
4.914885520935058594e+00
4.099673748016357422e+00
4.302566051483154297e+00
4.304086208343505859e+00
4.301661491394042969e+00
4.301202297210693359e+00
4.301959037780761719e+00
4.507476329803466797e+00
4.913300037384033203e+00
5.320389747619628906e+00
4.913411140441894531e+00
5.115987777709960938e+00
4.914193630218505859e+00
4.507982730865478516e+00
4.100011825561523438e+00
4.708880424499511719e+00
4.710310459136962891e+00
4.709583282470703125e+00
4.913958549499511719e+00
3.896967649459838867e+00
4.100702285766601562e+00
4.507004737854003906e+00
4.100277900695800781e+00
4.100054264068603516e+00
4.711393356323242188e+00
4.100638389587402344e+00
4.915593624114990234e+00
4.914398670196533203e+00
4.304598331451416016e+00
5.117471218109130859e+00
5.526102542877197266e+00
5.117990970611572266e+00
4.913743019104003906e+00
5.118249416351318359e+00
5.728461742401123047e+00
4.710629940032958984e+00
5.319820404052734375e+00
4.914693355560302734e+00
4.711710453033447266e+00
4.710103511810302734e+00
5.115867137908935547e+00
5.521425724029541016e+00
5.724396228790283203e+00
5.726546287536621094e+00
5.523522853851318359e+00
5.116375446319580078e+00
5.115172863006591797e+00
5.726479530334472656e+00
4.710652828216552734e+00
5.523633956909179688e+00
4.711148262023925781e+00
4.304352283477783203e+00
4.710543632507324219e+00
4.301096439361572266e+00
4.708697319030761719e+00
4.507461071014404297e+00
5.116975784301757812e+00
4.915533542633056641e+00
4.711633682250976562e+00
4.098605632781982422e+00
4.506372451782226562e+00
4.304396152496337891e+00
4.915113925933837891e+00
5.321808338165283203e+00
4.710583686828613281e+00
4.711034774780273438e+00
4.507582187652587891e+00
4.914412498474121094e+00
5.116791725158691406e+00
4.506421089172363281e+00
4.303000926971435547e+00
4.913520336151123047e+00
4.710024833679199219e+00
5.117577075958251953e+00
5.319574832916259766e+00
5.931663036346435547e+00
4.506430625915527344e+00
5.116964340209960938e+00
5.118319511413574219e+00
4.302021026611328125e+00
4.506745338439941406e+00
4.099841117858886719e+00
4.912432670593261719e+00
5.727203845977783203e+00
4.710082054138183594e+00
5.523511886596679688e+00
4.914388179779052734e+00
5.116770267486572266e+00
4.099242687225341797e+00
4.098382472991943359e+00
4.706638336181640625e+00
5.525571346282958984e+00
5.319834709167480469e+00
4.915121078491210938e+00
4.912301540374755859e+00
5.524699211120605469e+00
4.710119247436523438e+00
5.320502758026123047e+00
5.117620944976806641e+00
4.913190364837646484e+00
4.304604530334472656e+00
4.507823944091796875e+00
4.710533618927001953e+00
4.303697586059570312e+00
4.506769657135009766e+00
4.506041526794433594e+00
4.914446830749511719e+00
5.116072177886962891e+00
4.914216041564941406e+00
4.508231163024902344e+00
3.895796775817871094e+00
4.911904335021972656e+00
4.913274288177490234e+00
4.913800716400146484e+00
5.116854667663574219e+00
4.507423400878906250e+00
4.507223606109619141e+00
4.508190631866455078e+00
4.506108760833740234e+00
4.302752494812011719e+00
4.505409717559814453e+00
4.711583137512207031e+00
4.707794189453125000e+00
5.118315696716308594e+00
4.303679943084716797e+00
4.506501674652099609e+00
4.507778167724609375e+00
5.118665695190429688e+00
4.099422454833984375e+00
4.507227420806884766e+00
4.304207324981689453e+00
4.912712097167968750e+00
4.710343360900878906e+00
4.710943698883056641e+00
4.303548812866210938e+00
4.303708076477050781e+00
5.526268482208251953e+00
4.914427757263183594e+00
3.897041082382202148e+00
4.710647583007812500e+00
4.914743900299072266e+00
4.507331848144531250e+00
4.711760520935058594e+00
4.506490707397460938e+00
4.710560321807861328e+00
4.304032325744628906e+00
4.506274700164794922e+00
5.116910457611083984e+00
4.913358688354492188e+00
4.710462093353271484e+00
5.322130203247070312e+00
4.304444313049316406e+00
4.913589000701904297e+00
4.506813526153564453e+00
4.712292194366455078e+00
5.117328643798828125e+00
4.099526405334472656e+00
5.524740219116210938e+00
5.115685462951660156e+00
4.507778644561767578e+00
4.100805759429931641e+00
4.301590919494628906e+00
4.304436683654785156e+00
4.506603717803955078e+00
5.116481304168701172e+00
4.914592266082763672e+00
3.896822452545166016e+00
5.116884231567382812e+00
4.507416725158691406e+00
4.508407592773437500e+00
3.896334171295166016e+00
4.711085796356201172e+00
4.913541793823242188e+00
5.117625713348388672e+00
4.099930763244628906e+00
4.508116722106933594e+00
5.118247032165527344e+00
4.507965087890625000e+00
4.710711479187011719e+00
5.117226123809814453e+00
4.711863040924072266e+00
4.915038108825683594e+00
4.507086753845214844e+00
4.710974216461181641e+00
4.504535675048828125e+00
5.525166511535644531e+00
5.321445941925048828e+00
4.508564472198486328e+00
4.100271701812744141e+00
5.116899013519287109e+00
5.114993095397949219e+00
5.728113174438476562e+00
5.524213314056396484e+00
5.117445945739746094e+00
4.709506034851074219e+00
5.118316173553466797e+00
5.321543216705322266e+00
5.117506504058837891e+00
4.711918354034423828e+00
4.711637973785400391e+00
5.118400096893310547e+00
4.303649425506591797e+00
5.118049621582031250e+00
4.302167415618896484e+00
4.506130218505859375e+00
5.116955757141113281e+00
4.710062980651855469e+00
5.729590415954589844e+00
4.709152221679687500e+00
6.134503364562988281e+00
5.116727352142333984e+00
4.914067268371582031e+00
5.930617809295654297e+00
5.522752285003662109e+00
4.913727760314941406e+00
5.523613452911376953e+00
4.099847316741943359e+00
5.116531372070312500e+00
5.118577003479003906e+00
6.133954524993896484e+00
4.505747318267822266e+00
5.728024959564208984e+00
4.710431575775146484e+00
4.913195133209228516e+00
6.949360370635986328e+00
5.114933967590332031e+00
4.711924076080322266e+00
4.099411964416503906e+00
5.116383075714111328e+00
5.115836620330810547e+00
4.913558483123779297e+00
4.914477825164794922e+00
4.710646152496337891e+00
4.301411151885986328e+00
4.100545883178710938e+00
5.728121757507324219e+00
4.503832817077636719e+00
4.709518432617187500e+00
4.710155010223388672e+00
4.304242610931396484e+00
5.117347240447998047e+00
4.505472660064697266e+00
4.302840232849121094e+00
4.304701328277587891e+00
5.116580009460449219e+00
4.303187370300292969e+00
4.710509300231933594e+00
4.505259513854980469e+00
4.504863262176513672e+00
4.506574153900146484e+00
4.099349975585937500e+00
4.303598880767822266e+00
4.302808284759521484e+00
5.116012573242187500e+00
4.709988117218017578e+00
4.302216529846191406e+00
4.505880355834960938e+00
3.896461248397827148e+00
5.322025775909423828e+00
4.507342338562011719e+00
4.507505893707275391e+00
4.712122440338134766e+00
3.896420240402221680e+00
4.508007526397705078e+00
4.708683013916015625e+00
4.506413459777832031e+00
4.100097179412841797e+00
5.116809844970703125e+00
4.301648139953613281e+00
5.118932723999023438e+00
3.896559953689575195e+00
4.099631309509277344e+00
4.709640026092529297e+00
5.118297100067138672e+00
4.914825916290283203e+00
4.709601879119873047e+00
4.303717613220214844e+00
4.303454399108886719e+00
5.320462703704833984e+00
3.897034883499145508e+00
4.914865970611572266e+00
4.099126815795898438e+00
4.099344730377197266e+00
4.710256576538085938e+00
5.321464061737060547e+00
5.321843147277832031e+00
4.710294246673583984e+00
4.708997249603271484e+00
4.507910728454589844e+00
4.100755691528320312e+00
4.304531574249267578e+00
4.912154197692871094e+00
4.914061069488525391e+00
4.302032470703125000e+00
4.504576206207275391e+00
4.507046222686767578e+00
4.914019584655761719e+00
4.100457191467285156e+00
4.506134033203125000e+00
4.506962299346923828e+00
4.710536956787109375e+00
4.302036285400390625e+00
4.912757396697998047e+00
5.319131374359130859e+00
4.711971282958984375e+00
4.508459568023681641e+00
4.301493167877197266e+00
4.506843566894531250e+00
4.711104393005371094e+00
5.728374004364013672e+00
5.319336891174316406e+00
4.914002895355224609e+00
5.117096424102783203e+00
5.319393634796142578e+00
4.508375644683837891e+00
4.709821224212646484e+00
4.913106918334960938e+00
4.507685184478759766e+00
4.709921360015869141e+00
5.117582321166992188e+00
4.304358959197998047e+00
4.507424831390380859e+00
4.912848472595214844e+00
4.709993839263916016e+00
5.115924835205078125e+00
4.507758140563964844e+00
5.525906085968017578e+00
4.508667945861816406e+00
4.505348682403564453e+00
4.304082870483398438e+00
4.099068641662597656e+00
5.521689891815185547e+00
5.115531444549560547e+00
4.507311820983886719e+00
4.505110740661621094e+00
4.708629131317138672e+00
4.711611270904541016e+00
4.508111476898193359e+00
4.710130691528320312e+00
5.321346282958984375e+00
5.931395053863525391e+00
5.115545272827148438e+00
5.726391315460205078e+00
5.321629047393798828e+00
5.321143627166748047e+00
4.099524021148681641e+00
5.321277618408203125e+00
4.506269931793212891e+00
5.116491794586181641e+00
5.113842487335205078e+00
4.710709571838378906e+00
6.135354042053222656e+00
5.522754192352294922e+00
5.117831230163574219e+00
6.132914066314697266e+00
5.523612976074218750e+00
5.525734424591064453e+00
5.927613258361816406e+00
5.319957256317138672e+00
4.303020954132080078e+00
5.322208404541015625e+00
4.709972858428955078e+00
4.709650516510009766e+00
5.321090698242187500e+00
5.524061203002929688e+00
4.913647174835205078e+00
6.947819709777832031e+00
4.914315700531005859e+00
6.133153438568115234e+00
4.301122188568115234e+00
4.912967681884765625e+00
5.115786552429199219e+00
5.117249488830566406e+00
4.303113460540771484e+00
4.303154468536376953e+00
4.912625789642333984e+00
4.304399490356445312e+00
4.304279804229736328e+00
4.708616733551025391e+00
5.320316314697265625e+00
4.912294387817382812e+00
4.506447792053222656e+00
5.728758811950683594e+00
5.524676799774169922e+00
4.911528110504150391e+00
4.710172176361083984e+00
5.322264671325683594e+00
4.915224552154541016e+00
4.914784431457519531e+00
4.911475181579589844e+00
4.710719585418701172e+00
4.099229335784912109e+00
4.710729122161865234e+00
4.506286621093750000e+00
4.506344795227050781e+00
4.710381984710693359e+00
3.896068811416625977e+00
4.914213180541992188e+00
3.897069215774536133e+00
4.914117336273193359e+00
4.507889747619628906e+00
4.710761547088623047e+00
5.320991039276123047e+00
4.100857257843017578e+00
4.913267135620117188e+00
4.100469589233398438e+00
4.915096759796142578e+00
4.302976608276367188e+00
4.303519725799560547e+00
5.930868148803710938e+00
4.507791042327880859e+00
5.523672580718994141e+00
5.320473194122314453e+00
4.304496288299560547e+00
5.118854045867919922e+00
4.914295196533203125e+00
5.117148399353027344e+00
4.709611892700195312e+00
4.300561904907226562e+00
4.711062431335449219e+00
4.302078247070312500e+00
5.115667819976806641e+00
4.099408149719238281e+00
4.710642814636230469e+00
4.914025783538818359e+00
4.711627006530761719e+00
5.321013450622558594e+00
4.916066646575927734e+00
4.099373340606689453e+00
6.134188175201416016e+00
4.912983894348144531e+00
4.913725376129150391e+00
4.914420604705810547e+00
4.506567001342773438e+00
5.320948123931884766e+00
4.913305282592773438e+00
4.507529258728027344e+00
4.915021419525146484e+00
4.711299419403076172e+00
4.711521148681640625e+00
4.303709506988525391e+00
5.115287303924560547e+00
5.117841243743896484e+00
4.710523128509521484e+00
5.730206966400146484e+00
4.507676124572753906e+00
4.915996551513671875e+00
4.505610466003417969e+00
4.709887504577636719e+00
4.709956169128417969e+00
5.524660587310791016e+00
5.522263526916503906e+00
4.913626670837402344e+00
5.525140762329101562e+00
5.523789882659912109e+00
5.318591594696044922e+00
4.912225723266601562e+00
5.117311000823974609e+00
5.320425033569335938e+00
4.913074970245361328e+00
4.304438114166259766e+00
4.507596492767333984e+00
5.118404388427734375e+00
4.506901741027832031e+00
4.709154129028320312e+00
5.525382995605468750e+00
4.507186412811279297e+00
4.914223670959472656e+00
4.304697513580322266e+00
4.304370403289794922e+00
4.304399490356445312e+00
